C00030718|72762|2017|70|70|1
C00030718|61822|2017|6|6|1
C00030718|47670|2017|20|20|1
C00030718|47670|2017|9|29|2
C00030718|07083|2017|7|7|1
C00030718|85367|2017|250|250|1
C00030718|85365|2017|10|10|1
C00030718|85715|2017|9|909|3
C00630483|30092|2017|1000|1000|1
C00630483|32792|2017|500|500|1
C00630483|30326|2017|500|500|1
C00630483|30092|2017|500|1500|2
C00630483|30067|2017|500|25250|31
C00630483|30064|2017|500|9850|13
C00631614|30328|2016|1200|1200|1
C00631614|30328|2016|212|1412|2
C00630954|66215|2017|100|100|1
C00504704|76241|2017|2700|2700|1
C00213512|98136|2016|50|50|1
C00213512|97403|2016|15|15|1
C00213512|97128|2017|5|5|1
C00610212|54520|2017|2700|2700|1
C00610212|54520|2017|2700|5400|2
C00213512|87501|2017|25|25|1
C00213512|98199|2017|25|25|1
C00213512|97403|2017|5|5|1
C00610451|81611|2016|2700|2700|1
C00610451|89169|2016|2700|2700|1
C00610451|29926|2016|2700|2700|1
C00610451|85142|2017|250|2950|2
C00610451|85142|2017|250|5650|3
C00610451|60045|2017|2700|2700|1
C00610451|85295|2017|1000|1000|1
C00610451|85253|2017|2700|2700|1
C00610451|85234|2017|2700|2700|1
C00610451|85234|2017|2700|5400|2
C00610451|85213|2017|250|1000|3
C00610451|85274|2017|2700|2700|1
C00610451|81611|2017|2700|2700|1
C00610451|85253|2017|2700|5400|2
C00610451|91012|2017|1500|1500|1
C00610451|85016|2017|1250|3950|2
C00610451|89169|2017|2700|2700|1
C00610451|85142|2017|2700|8350|4
C00610451|29926|2017|2700|2700|1
C00610451|27539|2017|500|500|1
C00610451|85253|2017|2700|8100|3
C00610451|60045|2017|500|3200|2
C00610451|85253|2017|2700|10800|4
C00610451|85282|2017|500|500|1
C00610451|72221|2017|2700|2700|1
C00610451|85142|2017|500|8850|5
C00610451|85253|2017|2700|13500|5
C00610451|85296|2017|500|500|1
C00610451|85297|2017|2700|2700|1
C00610451|89169|2017|2700|5400|2
C00610451|85253|2017|2700|16200|6
C00610451|53082|2017|2700|2700|1
C00610451|83001|2017|2000|2000|1
C00610451|83001|2017|2000|4000|2
C00610451|85142|2017|500|11550|6
C00610451|85299|2017|1000|1000|1
C00610451|85234|2017|1000|6400|3
C00610451|19106|2017|2700|2700|1
C00610451|85004|2017|500|1177|2
C00610451|22207|2017|1000|1000|1
C00610451|85296|2017|500|1000|2
C00610451|85286|2017|1000|1000|1
C00610451|22314|2017|500|500|1
C00610451|85142|2017|1000|12550|7
C00610451|44089|2017|500|500|1
C00610451|81611|2017|2700|5400|2
C00610451|85234|2017|1000|6600|4
C00610451|33483|2017|1000|1000|1
C00608489|44089|2017|1000|1000|1
C00631945|33483|2017|500|500|1
C00631945|72221|2017|2700|2700|1
C00003418|29926|2017|100|4385|15
C00540443|98136|2017|50|50|1
C00476317|72762|2017|500|500|1
C00540443|98136|2017|50|130|2
C00581843|81611|2017|2700|2700|1
C00581843|81611|2017|2700|5400|2
C00030718|85367|2017|250|500|2
C00030718|36250|2017|45|45|1
C00030718|85367|2017|10|510|3
C00030718|86004|2017|24|1074|3
C00365536|97403|2017|5|105|21
C00365536|97403|2017|5|110|22
C00365536|97403|2017|5|115|23
C00365536|97403|2017|5|120|24
C00365536|97403|2017|5|130|25
C00365536|97403|2017|5|155|26
C00365536|97403|2017|5|160|27
C00365536|97403|2017|5|165|28
C00365536|97403|2017|5|170|29
C00365536|97403|2017|5|175|30
C00365536|97403|2017|5|180|31
C00365536|97403|2017|5|185|32
C00365536|97403|2017|5|190|33
C00365536|97403|2017|5|195|34
C00365536|97403|2017|5|200|35
C00365536|97403|2017|5|205|36
C00365536|97403|2017|5|210|37
C00365536|97403|2017|5|215|38
C00365536|97403|2017|5|220|39
C00365536|97403|2017|5|225|40
C00365536|97403|2017|5|230|41
C00365536|97403|2017|5|235|42
C00365536|97403|2017|5|240|43
C00365536|97403|2017|5|245|44
C00633610|60045|2017|2700|2700|1
C00326801|97403|2017|5|65|3
C00326801|97403|2017|5|70|4
C00326801|97403|2017|5|75|5
C00326801|97403|2017|5|80|6
C00326801|97128|2017|5|5|1
C00326801|97128|2017|5|10|2
C00326801|97128|2017|5|15|3
C00326801|97128|2017|5|20|4
C00494229|85253|2017|2700|8100|2
C00494229|85253|2017|2700|10800|3
C00494229|72221|2017|5400|5400|1
C00494229|72221|2017|2700|8100|2
C00193433|98199|2017|35|35|1
C00193433|98199|2017|35|85|2
C00552851|22314|2017|500|500|1
C00552851|89169|2017|5000|10000|2
C00552851|83001|2017|5000|10000|2
C00552851|60045|2017|5000|5000|1
C00448696|89169|2017|5000|10000|2
C00492785|77441|2017|50|100|2
C00492785|37215|2016|100|100|1
C00492785|37215|2016|100|200|2
C00492785|86005|2016|100|100|1
C00492785|37083|2017|700|700|1
C00492785|37083|2017|700|1400|2
C00492785|37083|2017|700|2100|3
C00492785|37215|2017|100|200|2
C00492785|37215|2017|100|300|3
C00492785|37215|2016|100|300|3
C00492785|37215|2016|100|400|4
C00492785|80203|2016|10|10|1
C00492785|80203|2016|10|25|2
C00492785|77019|2016|1000|1000|1
C00492785|80203|2016|10|50|3
C00492785|75948|2017|200|200|1
C00448696|91012|2017|5000|5000|1
C00448696|80203|2017|15|130|5
C00492785|12208|2017|100|100|1
C00492785|12208|2017|100|200|2
C00492785|77568|2017|100|100|1
C00492785|12208|2017|50|250|3
C00492785|12208|2017|50|300|4
C00492785|12208|2017|50|400|5
C00492785|12208|2017|50|500|6
C00492785|79710|2017|2500|8950|4
C00492785|97222|2017|100|100|1
C00492785|97222|2017|100|200|2
C00492785|80203|2017|10|10|1
C00448696|29926|2017|1000|1000|1
C00448696|80203|2017|15|140|6
C00448696|80203|2017|15|155|7
C00492785|12208|2017|50|525|7
C00492785|12208|2017|50|550|8
C00492785|80203|2017|10|20|2
C00492785|76015|2017|1000|1000|1
C00492785|75225|2017|50|1150|3
C00492785|33982|2017|200|200|1
C00492785|77568|2017|100|200|2
C00492785|37215|2017|100|600|6
C00492785|37215|2017|100|700|7
C00492785|92325|2017|100|100|1
C00492785|37215|2017|100|800|8
C00492785|37215|2017|100|900|9
C00492785|03064|2017|50|50|1
C00492785|37215|2017|100|1000|10
C00492785|37215|2017|100|1100|11
C00492785|80203|2017|10|30|3
C00492785|11701|2017|100|1100|2
C00492785|75948|2017|200|2200|2
C00492785|03064|2017|25|75|2
C00492785|03064|2017|25|100|3
C00492785|77568|2017|100|300|3
C00492785|92325|2017|50|150|2
C00492785|92325|2017|50|200|3
C00492785|33982|2017|200|600|3
C00492785|86005|2017|25|75|2
C00492785|12208|2017|50|650|9
C00492785|12208|2017|50|750|10
C00492785|77568|2017|100|400|4
C00492785|80203|2017|10|40|4
C00492785|86005|2017|25|125|3
C00492785|86005|2017|50|175|4
C00492785|86005|2017|50|225|5
C00492785|75948|2017|200|2400|3
C00492785|11701|2017|100|2200|4
C00492785|77441|2017|50|150|3
C00492785|37215|2017|100|1200|12
C00492785|37215|2017|100|1300|13
C00492785|12208|2017|50|758|11
C00492785|77568|2017|100|500|5
C00492785|12208|2017|25|763|12
C00492785|12208|2017|25|768|13
C00492785|12208|2017|25|793|14
C00492785|33982|2017|200|607|4
C00492785|77568|2017|100|600|6
C00492785|37215|2017|100|1400|14
C00492785|37083|2017|700|2800|4
C00492785|72641|2017|100|100|1
C00492785|97222|2017|100|312|3
C00492785|86005|2017|50|325|6
C00492785|77568|2017|100|700|7
C00492785|77441|2017|50|200|4
C00492785|75948|2017|200|2600|4
C00492785|76015|2017|100|1100|2
C00492785|12208|2017|25|818|15
C00492785|12208|2017|25|868|16
C00492785|03064|2017|25|125|4
C00492785|77568|2017|100|800|8
C00492785|37167|2017|100|100|1
C00492785|77024|2017|200|15475|15
C00492785|11701|2017|100|2300|5
C00492785|11701|2017|100|2400|6
C00492785|92325|2017|50|300|4
C00492785|86005|2017|50|350|7
C00492785|37215|2017|100|1500|15
C00492785|86005|2017|50|450|8
C00492785|86005|2017|50|550|9
C00492785|75225|2017|50|1800|8
C00492785|37215|2017|100|1600|16
C00492785|37215|2017|100|1700|17
C00492785|80203|2017|10|50|5
C00492785|12208|2017|25|893|17
C00492785|12208|2017|25|918|18
C00492785|80203|2017|10|65|6
C00492785|77019|2017|50|2225|7
C00492785|20008|2017|100|100|1
C00492785|92325|2017|50|400|5
C00492785|92325|2017|100|600|7
C00492785|92325|2017|100|700|8
C00492785|92325|2017|100|800|9
C00492785|77568|2017|100|900|9
C00492785|86005|2017|50|650|10
C00492785|86005|2017|50|750|11
C00492785|76015|2017|100|3800|3
C00492785|97222|2017|100|337|4
C00492785|77379|2017|25|775|13
C00492785|77568|2017|100|950|10
C00492785|37167|2017|100|5300|2
C00492785|77568|2017|100|1050|11
C00492785|37083|2017|700|3500|5
C00492785|80203|2017|10|100|7
C00492785|77019|2017|50|4975|9
C00492785|11701|2017|100|2500|7
C00492785|03064|2017|25|150|5
C00492785|75225|2017|50|3125|12
C00492785|80203|2017|10|125|8
C00492785|79710|2017|250|12900|11
C00492785|77568|2017|100|1150|12
C00492785|77441|2017|50|250|5
C00492785|86005|2017|50|775|12
C00492785|37083|2017|700|4200|6
C00492785|80203|2017|10|140|9
C00135368|87109|2016|500|500|1
C00030718|85653|2017|9|9|1
C00030718|36250|2017|45|90|2
C00030718|84084|2017|4|4|1
C00030718|86004|2017|24|1443|6
C00030718|86005|2017|210|510|2
C00460378|76241|2017|43800|43800|1
C00631614|30328|2017|83|14737|13
C00631614|30328|2017|142|15337|14
C00010603|98136|2017|25|610|13
C00010603|98136|2017|25|635|14
C00010603|98136|2017|25|665|15
C00010603|87109|2017|15|865|7
C00608695|89169|2017|2700|2700|1
C00010603|98136|2017|25|715|16
C00010603|98136|2017|25|740|17
C00010603|98136|2017|25|840|18
C00027466|91307|2016|25|25|1
C00027466|91307|2016|25|50|2
C00027466|33016|2016|500|500|1
C00027466|33016|2016|500|1000|2
C00027466|33016|2016|500|1500|3
C00027466|33016|2016|500|2000|4
C00027466|33016|2016|500|2500|5
C00027466|33016|2016|500|3000|6
C00027466|33016|2016|500|3500|7
C00027466|02067|2017|25|25|1
C00027466|91307|2016|25|150|3
C00027466|66062|2017|25|25|1
C00027466|12124|2016|25|25|1
C00027466|32217|2016|250|500|2
C00027466|11720|2016|35|35|1
C00027466|27511|2016|15|15|1
C00027466|27511|2016|15|30|2
C00027466|27511|2016|15|45|3
C00027466|32256|2016|100|100|1
C00027466|32256|2016|100|200|2
C00027466|91773|2016|200|200|1
C00027466|30096|2016|25|75|3
C00027466|77040|2016|25|25|1
C00027466|77040|2016|25|50|2
C00027466|92705|2016|25|25|1
C00027466|92705|2016|25|50|2
C00027466|92705|2016|25|75|3
C00027466|85205|2016|25|25|1
C00027466|80007|2016|10|10|1
C00027466|77040|2016|25|75|3
C00027466|80007|2016|10|20|2
C00027466|91307|2016|25|250|4
C00027466|93536|2016|1000|1000|1
C00027466|86303|2017|25|25|1
C00027466|54001|2017|100|100|1
C00027466|10163|2017|25|25|1
C00027466|14560|2017|25|25|1
C00027466|78261|2017|25|25|1
C00636084|60045|2017|2000000|2000000|1
C00618371|77040|2017|75|75|1
C00618371|77040|2017|50|125|2
C00618371|77040|2017|50|225|3
C00618371|77040|2017|75|409|4
C00618371|77040|2017|75|509|5
C00618371|77040|2017|75|693|6
C00618371|77024|2017|225|1360|2
C00618371|77057|2017|75|275|2
C00618371|77040|2017|75|768|7
C00618371|77040|2017|75|818|8
C00618371|77040|2017|75|918|9
C00398644|60616|2017|250|250|1
C00548289|89169|2017|2700|2700|1
C00548289|77019|2017|1000|1000|1
C00608935|85253|2017|5400|16450|4
C00570960|98136|2017|100|100|1
C00543926|89169|2017|2700|2700|1
C00631945|33483|2017|500|1500|2
C00631945|33483|2017|500|2000|3
C00010603|98136|2017|25|900|21
C00010603|98136|2017|25|950|22
C00010603|98136|2017|25|1000|23
C00010603|98136|2017|25|1025|24
C00010603|98136|2017|25|1085|25
C00503094|89169|2017|2700|2700|1
C00633362|72221|2017|2700|2700|1
C00633362|30326|2017|1000|13850|11
C00633362|30326|2017|500|14800|14
C00633362|33483|2017|2700|2700|1
C00633362|60045|2017|500|3200|2
C00633362|33483|2017|1000|3700|2
C00193433|98199|2017|35|120|3
C00600718|89169|2017|2700|2700|1
C00600718|89169|2017|2700|5400|2
C00494930|80203|2017|25|50|2
C00494930|80203|2017|25|75|3
C00494930|80203|2017|25|100|4
C00365536|97403|2017|5|250|45
C00365536|97403|2017|5|255|46
C00365536|97403|2017|5|260|47
C00365536|97403|2017|5|265|48
C00365536|97403|2017|5|270|49
C00365536|97403|2017|5|275|50
C00365536|97403|2017|5|280|51
C00365536|97403|2017|5|285|52
C00365536|97403|2017|5|290|53
C00365536|97403|2017|5|295|54
C00365536|97403|2017|5|300|55
C00365536|97403|2017|5|305|56
C00365536|97403|2017|5|310|57
C00365536|97403|2017|5|315|58
C00365536|97403|2017|5|320|59
C00365536|97403|2017|5|325|60
C00365536|97403|2017|5|330|61
C00365536|97403|2017|5|335|62
C00365536|97403|2017|5|340|63
C00365536|97403|2017|5|345|64
C00365536|97403|2017|5|350|65
C00365536|97403|2017|5|355|66
C00365536|97403|2017|5|360|67
C00365536|97403|2017|5|363|68
C00365536|97403|2017|5|368|69
C00365536|97403|2017|5|373|70
C00365536|97403|2017|5|378|71
C00365536|97403|2017|5|383|72
C00365536|97403|2017|5|388|73
C00365536|97403|2017|5|393|74
C00365536|97403|2017|5|398|75
C00365536|97403|2017|5|403|76
C00365536|97403|2017|5|408|77
C00365536|97403|2017|5|413|78
C00365536|97403|2017|5|418|79
C00365536|97403|2017|5|423|80
C00365536|97403|2017|5|428|81
C00365536|97403|2017|5|433|82
C00365536|97403|2017|5|438|83
C00365536|97403|2017|5|443|84
C00365536|97403|2017|5|448|85
C00365536|97403|2017|5|453|86
C00365536|97403|2017|5|458|87
C00365536|97403|2017|5|463|88
C00365536|97403|2017|5|468|89
C00365536|97403|2017|5|473|90
C00365536|97403|2017|5|478|91
C00365536|97403|2017|5|483|92
C00365536|97403|2017|5|488|93
C00365536|97403|2017|5|493|94
C00365536|97403|2017|5|498|95
C00365536|97403|2017|5|503|96
C00365536|97403|2017|5|508|97
C00365536|97403|2017|5|513|98
C00365536|97403|2017|5|518|99
C00365536|97403|2017|5|523|100
C00365536|97403|2017|5|528|101
C00629311|19041|2017|2500|2500|1
C00532572|81611|2017|5400|5400|1
C00542423|37167|2017|5000|5000|1
C00349233|07458|2016|100|100|1
C00349233|07458|2017|1000|1000|1
C00487470|60045|2017|1500000|1500000|1
C00633610|60045|2017|2700|5400|2
C00633610|44089|2017|2700|2700|1
C00633610|44089|2017|1300|4000|2
C00633610|83001|2017|300|300|1
C00633610|22314|2017|500|500|1
C00298000|60045|2017|25000|25000|1
C00524181|80203|2017|55|55|1
C00524181|22314|2017|5000|5000|1
C00524181|22314|2017|500|5500|2
C00524181|27539|2017|2000|2000|1
C00524181|80203|2017|55|155|2
C00524181|80203|2017|50|205|3
C00524181|80203|2017|50|255|4
C00524181|80203|2017|50|305|5
C00524181|80203|2017|50|330|6
C00552851|44089|2017|1000|1000|1
C00552851|89169|2017|5000|15400|3
C00552851|60045|2017|5000|15400|3
C00448696|80203|2017|15|180|8
C00448696|80203|2017|15|195|9
C00448696|80203|2017|15|210|10
C00448696|22314|2017|250|250|1
C00542464|85253|2017|10000|10000|1
C00636084|60045|2017|1500000|3500000|2
C00464149|44089|2017|1000|1000|1
C00547976|22207|2017|500|500|1
C00540302|77019|2017|2700|2700|1
C00570960|98136|2017|100|200|2
C00560599|80203|2017|100|100|1
C00560599|80203|2017|25|125|2
C00560599|80203|2017|25|160|3
C00560599|80203|2017|35|195|4
C00027466|75482|2017|25|25|1
C00193433|98199|2017|35|155|4
C00608489|44089|2017|1000|2000|2
C00544767|10003|2017|25|25|1
C00506931|22207|2017|500|500|1
C00506931|22207|2017|500|1000|2
C00540443|98136|2017|50|180|3
C00580100|52807|2016|59|59|1
C00580100|46228|2016|500|500|1
C00580100|63080|2016|1000|1000|1
C00580100|19129|2016|250|250|1
C00580100|11731|2016|30|30|1
C00580100|29401|2016|1000|1000|1
C00580100|70449|2016|250|250|1
C00580100|21228|2016|35|35|1
C00580100|90274|2016|100|100|1
C00459255|22207|2017|500|2000|3
C00627794|03064|2017|50|50|1
C00000935|33330|2017|2500|2500|1
C00540443|98136|2017|50|260|4
C00030718|00725|2017|20|20|1
C00365536|97403|2017|5|533|102
C00365536|97403|2017|5|538|103
C00365536|97403|2017|5|543|104
C00365536|97403|2017|5|548|105
C00365536|97403|2017|5|553|106
C00365536|97403|2017|5|558|107
C00365536|97403|2017|5|563|108
C00365536|97403|2017|5|568|109
C00365536|97403|2017|5|573|110
C00365536|97403|2017|5|578|111
C00365536|97403|2017|5|583|112
C00365536|97403|2017|5|588|113
C00365536|97403|2017|5|593|114
C00365536|97403|2017|5|598|115
C00365536|98136|2017|25|1187|39
C00365536|97403|2017|5|603|116
C00365536|97403|2017|5|608|117
C00365536|97403|2017|5|613|118
C00365536|97403|2017|5|618|119
C00365536|97403|2017|5|623|120
C00365536|97403|2017|5|628|121
C00365536|97403|2017|5|633|122
C00365536|97403|2017|5|638|123
C00401224|98199|2017|0|0|1
C00401224|98199|2017|0|1|2
C00401224|98199|2017|0|2|3
C00401224|98199|2017|0|2|4
C00401224|98199|2017|0|3|5
C00401224|98199|2017|0|4|6
C00401224|98199|2017|1|5|7
C00401224|98199|2017|1|6|8
C00401224|98199|2017|1|11|9
C00401224|98199|2017|1|12|10
C00401224|98199|2017|1|13|11
C00401224|98199|2017|1|14|12
C00401224|98199|2017|1|15|13
C00401224|98199|2017|1|16|14
C00401224|98199|2017|1|17|15
C00401224|97128|2017|0|0|1
C00401224|97128|2017|0|0|2
C00401224|97128|2017|0|0|3
C00401224|97128|2017|0|0|4
C00401224|97128|2017|0|0|5
C00401224|98199|2017|1|19|16
C00401224|98199|2017|1|21|17
C00401224|98199|2017|1|21|18
C00401224|98199|2017|1|22|19
C00401224|98199|2017|1|24|20
C00401224|98199|2017|1|25|21
C00401224|97403|2017|1|1|1
C00401224|97403|2017|1|2|2
C00401224|97403|2017|1|3|3
C00401224|97403|2017|1|5|4
C00401224|97403|2017|1|6|5
C00401224|97403|2017|1|7|6
C00401224|97403|2017|1|8|7
C00401224|97403|2017|1|9|8
C00401224|97403|2017|1|10|9
C00401224|97403|2017|1|11|10
C00401224|97403|2017|1|12|11
C00401224|97403|2017|1|13|12
C00401224|97403|2017|1|14|13
C00401224|97403|2017|1|15|14
C00401224|97403|2017|1|16|15
C00401224|97403|2017|1|17|16
C00401224|97403|2017|1|19|17
C00401224|97403|2017|1|20|18
C00401224|97403|2017|1|21|19
C00401224|97403|2017|1|22|20
C00401224|97403|2017|1|23|21
C00401224|97403|2017|1|24|22
C00401224|97403|2017|1|25|23
C00401224|97403|2017|1|26|24
C00401224|97403|2017|1|27|25
C00401224|97403|2017|1|28|26
C00401224|97128|2017|0|1|6
C00401224|97128|2017|0|1|7
C00401224|97128|2017|0|1|8
C00401224|97403|2017|1|29|27
C00401224|97128|2017|0|1|9
C00401224|97128|2017|0|1|10
C00401224|97128|2017|0|1|11
C00401224|97128|2017|0|1|12
C00401224|97128|2017|0|1|13
C00401224|97128|2017|0|1|14
C00401224|97128|2017|0|1|15
C00401224|97128|2017|0|1|16
C00401224|97403|2017|1|30|28
C00401224|97128|2017|0|1|17
C00401224|97128|2017|0|1|18
C00401224|97128|2017|0|1|19
C00401224|97403|2017|1|31|29
C00401224|97128|2017|0|1|20
C00401224|97128|2017|0|1|21
C00401224|97128|2017|0|1|22
C00401224|97128|2017|0|1|23
C00401224|97128|2017|0|1|24
C00401224|97403|2017|1|33|30
C00401224|97403|2017|1|34|31
C00401224|97403|2017|1|36|32
C00401224|97403|2017|1|37|33
C00401224|97403|2017|1|38|34
C00401224|97128|2017|0|1|25
C00401224|97128|2017|0|2|26
C00401224|97128|2017|0|2|27
C00401224|97128|2017|0|2|28
C00401224|97128|2017|0|2|29
C00401224|97403|2017|1|39|35
C00401224|97403|2017|1|40|36
C00401224|97403|2017|1|41|37
C00401224|97403|2017|1|42|38
C00401224|97128|2017|0|2|30
C00401224|97128|2017|0|2|31
C00401224|97403|2017|1|43|39
C00401224|97403|2017|1|44|40
C00401224|97403|2017|1|45|41
C00401224|97403|2017|1|46|42
C00401224|97128|2017|0|2|32
C00401224|97128|2017|0|2|33
C00401224|97128|2017|0|2|34
C00401224|97128|2017|0|2|35
C00401224|97128|2017|0|2|36
C00401224|97128|2017|0|3|37
C00401224|97403|2017|1|47|43
C00401224|97403|2017|1|48|44
C00401224|97128|2017|0|3|38
C00401224|97128|2017|0|4|39
C00401224|97128|2017|0|4|40
C00401224|97128|2017|0|4|41
C00401224|97128|2017|0|4|42
C00401224|97128|2017|0|4|43
C00401224|97128|2017|0|4|44
C00401224|97128|2017|0|4|45
C00401224|97128|2017|0|4|46
C00401224|97128|2017|0|5|47
C00401224|97128|2017|0|5|48
C00401224|97128|2017|0|5|49
C00401224|97128|2017|0|5|50
C00401224|97128|2017|0|5|51
C00401224|97128|2017|0|6|52
C00401224|97128|2017|0|6|53
C00401224|97128|2017|0|6|54
C00401224|97128|2017|0|7|55
C00401224|97128|2017|0|7|56
C00401224|97128|2017|0|7|57
C00401224|97128|2017|0|7|58
C00401224|97128|2017|0|7|59
C00401224|97128|2017|0|7|60
C00401224|97128|2017|0|7|61
C00401224|97128|2017|0|7|62
C00401224|97128|2017|0|7|63
C00401224|97128|2017|0|7|64
C00401224|97128|2017|0|7|65
C00401224|97128|2017|0|7|66
C00401224|97128|2017|0|7|67
C00401224|97128|2017|0|7|68
C00401224|97128|2017|0|7|69
C00401224|97128|2017|0|7|70
C00401224|97128|2017|0|7|71
C00401224|97128|2017|0|7|72
C00401224|97128|2017|0|7|73
C00401224|97128|2017|0|7|74
C00401224|97128|2017|0|7|75
C00401224|97128|2017|0|7|76
C00401224|97128|2017|0|7|77
C00401224|97128|2017|0|7|78
C00401224|97128|2017|0|7|79
C00401224|97128|2017|0|7|80
C00401224|97128|2017|0|7|81
C00401224|97128|2017|0|7|82
C00401224|97128|2017|0|8|83
C00401224|97128|2017|0|8|84
C00401224|97128|2017|0|8|85
C00401224|97128|2017|0|8|86
C00401224|97128|2017|0|8|87
C00401224|97128|2017|0|8|88
C00401224|97128|2017|0|8|89
C00401224|97128|2017|0|8|90
C00401224|97403|2017|1|49|45
C00401224|97403|2017|1|50|46
C00401224|97403|2017|1|51|47
C00401224|97403|2017|1|52|48
C00401224|97403|2017|1|53|49
C00401224|97403|2017|1|54|50
C00401224|97403|2017|1|55|51
C00401224|97403|2017|1|57|52
C00401224|97403|2017|1|58|53
C00401224|97403|2017|1|59|54
C00401224|97403|2017|1|60|55
C00401224|97403|2017|1|61|56
C00401224|97403|2017|1|62|57
C00401224|97403|2017|1|63|58
C00401224|97403|2017|1|64|59
C00401224|97403|2017|1|65|60
C00401224|97403|2017|1|66|61
C00401224|97403|2017|1|67|62
C00401224|97403|2017|1|68|63
C00401224|97403|2017|1|69|64
C00401224|97403|2017|1|70|65
C00401224|97403|2017|1|71|66
C00401224|97403|2017|1|72|67
C00401224|97403|2017|1|73|68
C00401224|97403|2017|1|74|69
C00401224|97403|2017|1|75|70
C00401224|97403|2017|1|76|71
C00401224|97403|2017|1|78|72
C00401224|97403|2017|1|79|73
C00401224|97403|2017|1|80|74
C00401224|97403|2017|1|81|75
C00401224|97403|2017|1|82|76
C00401224|97403|2017|1|87|77
C00401224|97403|2017|1|88|78
C00401224|97403|2017|1|89|79
C00401224|97403|2017|1|90|80
C00401224|97403|2017|1|91|81
C00401224|97403|2017|1|92|82
C00401224|97403|2017|1|94|83
C00401224|97403|2017|1|95|84
C00401224|97403|2017|1|96|85
C00401224|97403|2017|1|97|86
C00401224|97403|2017|1|98|87
C00401224|97403|2017|1|99|88
C00401224|97403|2017|1|100|89
C00401224|97403|2017|1|101|90
C00401224|97403|2017|1|102|91
C00401224|97403|2017|1|103|92
C00401224|97403|2017|1|104|93
C00401224|97403|2017|1|105|94
C00401224|97403|2017|1|106|95
C00401224|97403|2017|1|107|96
C00401224|97128|2017|0|8|91
C00401224|97128|2017|0|8|92
C00401224|97128|2017|0|9|93
C00401224|97128|2017|0|9|94
C00401224|97128|2017|0|9|95
C00401224|97128|2017|0|9|96
C00401224|97128|2017|0|9|97
C00401224|97128|2017|0|9|98
C00401224|97128|2017|0|9|99
C00401224|97128|2017|0|9|100
C00401224|97128|2017|0|9|101
C00401224|97128|2017|0|9|102
C00401224|97128|2017|0|9|103
C00401224|97128|2017|0|9|104
C00401224|97128|2017|0|9|105
C00401224|97128|2017|0|9|106
C00401224|97128|2017|0|9|107
C00401224|97128|2017|0|9|108
C00401224|97128|2017|0|9|109
C00401224|97128|2017|0|9|110
C00401224|97128|2017|0|9|111
C00401224|97128|2017|0|9|112
C00401224|97128|2017|0|9|113
C00401224|97128|2017|0|9|114
C00401224|97128|2017|0|9|115
C00401224|97128|2017|0|11|116
C00401224|97128|2017|0|11|117
C00401224|97128|2017|0|11|118
C00401224|97128|2017|0|11|119
C00401224|97128|2017|0|11|120
C00401224|97128|2017|0|11|121
C00401224|97128|2017|0|11|122
C00401224|97128|2017|0|11|123
C00401224|97128|2017|0|11|124
C00401224|97128|2017|0|11|125
C00401224|97128|2017|0|11|126
C00401224|97128|2017|0|11|127
C00401224|97128|2017|0|11|128
C00401224|97128|2017|0|11|129
C00401224|97128|2017|0|11|130
C00401224|97128|2017|0|11|131
C00401224|97128|2017|0|11|132
C00401224|97128|2017|0|11|133
C00401224|97128|2017|0|11|134
C00401224|97128|2017|0|11|135
C00401224|97128|2017|0|11|136
C00401224|97128|2017|0|11|137
C00401224|97128|2017|0|11|138
C00401224|97128|2017|0|11|139
C00401224|97128|2017|0|11|140
C00401224|97128|2017|0|11|141
C00401224|97128|2017|0|11|142
C00401224|97128|2017|0|11|143
C00401224|97128|2017|0|11|144
C00401224|97128|2017|0|11|145
C00401224|97128|2017|0|13|146
C00401224|97128|2017|0|13|147
C00401224|97128|2017|0|13|148
C00401224|97128|2017|0|13|149
C00401224|97128|2017|0|13|150
C00401224|97128|2017|0|13|151
C00401224|97128|2017|0|13|152
C00401224|97128|2017|0|13|153
C00401224|97128|2017|0|13|154
C00401224|97128|2017|0|13|155
C00401224|97128|2017|0|13|156
C00401224|97128|2017|0|13|157
C00401224|97128|2017|0|13|158
C00401224|97128|2017|0|13|159
C00401224|97128|2017|0|13|160
C00401224|97128|2017|0|13|161
C00401224|97128|2017|0|13|162
C00401224|97128|2017|0|13|163
C00401224|97128|2017|0|13|164
C00401224|97128|2017|0|18|165
C00401224|97128|2017|0|19|166
C00401224|97128|2017|0|19|167
C00401224|97128|2017|0|19|168
C00401224|97128|2017|0|19|169
C00401224|97128|2017|0|21|170
C00401224|97128|2017|0|21|171
C00401224|97128|2017|0|22|172
C00401224|97128|2017|0|24|173
C00401224|97128|2017|0|24|174
C00401224|97128|2017|0|24|175
C00401224|97128|2017|0|24|176
C00401224|97128|2017|0|24|177
C00401224|97128|2017|0|24|178
C00401224|97128|2017|0|24|179
C00401224|97128|2017|0|24|180
C00401224|97128|2017|0|24|181
C00401224|97128|2017|0|24|182
C00401224|97128|2017|0|24|183
C00401224|97128|2017|0|24|184
C00401224|97128|2017|0|26|185
C00401224|97128|2017|0|28|186
C00401224|97128|2017|0|28|187
C00193433|98199|2017|35|290|7
C00635243|81611|2017|1000|1000|1
C00448696|80203|2017|15|230|11
C00448696|80203|2017|15|245|12
C00448696|80203|2017|15|255|13
C00448696|80203|2017|15|265|14
C00448696|80203|2017|15|275|15
C00448696|80203|2017|15|300|16
C00448696|80203|2017|15|315|17
C00448696|22314|2017|100|1350|3
C00448696|80203|2017|15|340|18
C00448696|22314|2017|250|1850|4
C00401224|97403|2017|1|108|97
C00401224|97403|2017|1|110|98
C00401224|97403|2017|1|111|99
C00401224|97403|2017|1|112|100
C00401224|97403|2017|1|113|101
C00401224|97403|2017|1|114|102
C00401224|97403|2017|1|115|103
C00401224|97403|2017|1|116|104
C00401224|97403|2017|1|117|105
C00401224|97403|2017|1|118|106
C00401224|97403|2017|1|119|107
C00401224|97403|2017|1|120|108
C00401224|97403|2017|1|121|109
C00401224|97403|2017|1|122|110
C00341396|98136|2017|25|340|8
C00341396|98136|2017|25|380|9
C00341396|98136|2017|25|420|10
C00341396|98136|2017|25|460|11
C00431304|98136|2017|80|80|1
C00431304|98136|2017|50|130|2
C00431304|98136|2017|50|180|3
C00431304|98136|2017|50|260|4
C00431304|98136|2017|50|310|5
C00431304|98136|2017|50|390|6
C00431304|98136|2017|50|490|7
C00431304|98136|2017|50|540|8
C00431304|98136|2017|50|590|9
C00431304|98136|2017|50|690|10
C00193433|98136|2017|15|1163|19
C00193433|98136|2017|15|1276|20
C00193433|98199|2017|35|925|14
C00416131|98136|2017|100|100|1
C00416131|98136|2017|100|200|2
C00416131|98136|2017|100|825|5
C00486845|98199|2017|20|20|1
C00401224|97128|2017|0|128|188
C00401224|98199|2017|1|97|31
C00401224|98199|2017|1|98|32
C00401224|98199|2017|1|99|33
C00401224|98199|2017|1|100|34
C00401224|98199|2017|1|100|35
C00401224|98199|2017|1|101|36
C00401224|98199|2017|1|102|37
C00401224|98199|2017|1|103|38
C00401224|98199|2017|1|104|39
C00401224|98199|2017|1|105|40
C00401224|98199|2017|1|106|41
C00401224|98199|2017|1|106|42
C00401224|98199|2017|1|107|43
C00401224|98199|2017|1|108|44
C00401224|98199|2017|1|109|45
C00401224|98199|2017|1|110|46
C00401224|98199|2017|1|112|47
C00401224|98199|2017|1|112|48
C00401224|98199|2017|1|112|49
C00401224|98199|2017|1|114|50
C00401224|97403|2017|1|127|113
C00401224|97403|2017|1|128|114
C00401224|97403|2017|1|129|115
C00401224|97403|2017|1|130|116
C00401224|97403|2017|1|131|117
C00401224|97403|2017|1|132|118
C00074450|72221|2017|10000|10000|1
C00003418|77040|2017|100|1160|5
C00003418|29926|2017|100|5335|23
C00003418|29926|2017|100|5435|24
C00003418|29926|2017|100|5535|25
C00401224|97128|2017|0|128|189
C00401224|97128|2017|0|128|190
C00401224|97128|2017|0|128|191
C00401224|97128|2017|0|128|192
C00401224|97128|2017|0|128|193
C00401224|97128|2017|0|128|194
C00401224|97128|2017|0|129|195
C00401224|97128|2017|0|129|196
C00401224|97128|2017|0|129|197
C00401224|97128|2017|0|129|198
C00401224|97128|2017|0|129|199
C00401224|97128|2017|0|129|200
C00401224|97128|2017|0|129|201
C00401224|97128|2017|0|130|202
C00401224|97128|2017|0|130|203
C00401224|97128|2017|0|130|204
C00401224|97128|2017|0|130|205
C00401224|97128|2017|0|130|206
C00401224|97128|2017|0|130|207
C00401224|97128|2017|0|130|208
C00401224|97128|2017|0|130|209
C00401224|97128|2017|0|130|210
C00401224|97128|2017|0|130|211
C00401224|97128|2017|0|130|212
C00401224|97128|2017|0|130|213
C00401224|97128|2017|0|130|214
C00401224|97128|2017|0|130|215
C00401224|97128|2017|0|130|216
C00401224|97128|2017|0|130|217
C00401224|97128|2017|0|130|218
C00401224|97128|2017|0|131|219
C00401224|97128|2017|0|131|220
C00401224|97128|2017|0|131|221
C00401224|97128|2017|0|131|222
C00401224|97128|2017|0|131|223
C00401224|97128|2017|0|131|224
C00401224|97128|2017|0|131|225
C00401224|97128|2017|0|131|226
C00401224|97128|2017|0|132|227
C00401224|97128|2017|0|132|228
C00401224|97128|2017|0|132|229
C00401224|97128|2017|0|134|230
C00401224|97128|2017|0|134|231
C00401224|97128|2017|0|135|232
C00401224|97128|2017|0|135|233
C00401224|97128|2017|0|135|234
C00401224|97128|2017|0|135|235
C00401224|97128|2017|0|135|236
C00401224|97128|2017|0|135|237
C00401224|97128|2017|0|135|238
C00401224|97128|2017|0|135|239
C00401224|97128|2017|0|136|240
C00401224|97128|2017|0|136|241
C00401224|97128|2017|0|136|242
C00401224|97128|2017|0|136|243
C00401224|97128|2017|0|136|244
C00401224|97128|2017|0|136|245
C00401224|97128|2017|0|136|246
C00401224|97128|2017|0|136|247
C00401224|97128|2017|0|136|248
C00401224|97128|2017|0|136|249
C00401224|97128|2017|0|136|250
C00401224|97128|2017|0|136|251
C00401224|97128|2017|0|136|252
C00401224|97403|2017|1|133|119
C00401224|97403|2017|1|134|120
C00410803|97128|2017|0|0|1
C00410803|97128|2017|0|1000|2
C00019331|54440|2016|80|80|1
C00019331|54440|2017|85|85|1
C00027466|71263|2017|15|115|2
C00578187|81611|2017|20000|20000|1
C00401224|97403|2017|1|135|121
C00401224|97403|2017|1|136|122
C00401224|97403|2017|1|137|123
C00401224|97403|2017|1|138|124
C00401224|97403|2017|1|139|125
C00401224|97403|2017|1|140|126
C00401224|97403|2017|1|141|127
C00401224|97403|2017|1|142|128
C00401224|97403|2017|1|142|129
C00401224|97403|2017|1|143|130
C00401224|97403|2017|1|144|131
C00401224|97403|2017|1|145|132
C00401224|97403|2017|1|146|133
C00401224|97403|2017|1|147|134
C00401224|97403|2017|1|148|135
C00401224|97403|2017|1|149|136
C00401224|97403|2017|1|150|137
C00401224|97403|2017|1|151|138
C00401224|97403|2017|1|152|139
C00401224|97403|2017|1|153|140
C00401224|97403|2017|1|154|141
C00401224|97403|2017|1|155|142
C00401224|97403|2017|1|156|143
C00401224|97403|2017|1|157|144
C00401224|97403|2017|1|158|145
C00401224|97403|2017|1|159|146
C00401224|97403|2017|1|160|147
C00401224|97403|2017|1|161|148
C00401224|97403|2017|1|162|149
C00401224|97403|2017|1|163|150
C00401224|97403|2017|1|165|151
C00401224|97403|2017|1|166|152
C00401224|97403|2017|1|167|153
C00401224|97403|2017|1|168|154
C00401224|97403|2017|1|169|155
C00401224|97403|2017|1|170|156
C00401224|97403|2017|1|171|157
C00365536|97403|2017|5|643|124
C00365536|97403|2017|5|648|125
C00365536|97403|2017|5|658|126
C00365536|97403|2017|5|663|127
C00365536|97403|2017|5|668|128
C00365536|97403|2017|5|673|129
C00365536|97403|2017|5|678|130
C00365536|97403|2017|5|683|131
C00365536|97403|2017|5|688|132
C00365536|97403|2017|5|693|133
C00365536|97403|2017|5|698|134
C00365536|97403|2017|5|708|135
C00365536|97403|2017|5|713|136
C00365536|97403|2017|5|718|137
C00365536|97403|2017|5|723|138
C00365536|97403|2017|5|728|139
C00365536|97403|2017|5|733|140
C00365536|97403|2017|5|738|141
C00365536|98136|2017|25|1265|42
C00580100|46228|2017|500|2500|5
C00580100|46228|2017|500|3000|6
C00580100|46228|2017|500|3500|7
C00580100|46228|2017|500|4000|8
C00580100|46228|2017|500|4500|9
C00580100|46228|2017|500|5000|10
C00580100|46228|2017|500|5500|11
C00580100|46228|2017|500|6000|12
C00580100|46228|2017|500|6300|13
C00580100|46228|2017|500|6800|14
C00580100|46228|2017|500|7300|15
C00540443|97403|2017|30|130|2
C00540443|97128|2017|85|85|1
C00010603|98136|2017|25|1810|29
C00010603|54440|2017|85|1105|13
C00572594|22314|2017|1250|1250|1
C00572594|22314|2017|1250|2500|2
C00592956|27539|2017|2700|5400|2
C00592956|44089|2017|2700|2700|1
C00030718|86005|2017|30|540|3
C00030718|86004|2017|36|1503|7
C00030718|86005|2017|30|569|4
C00030718|07083|2017|7|374|3
C00027466|33409|2017|30|30|1
C00030718|37027|2017|7|2428|8
C00003418|29926|2017|100|8161|38
C00010603|98136|2017|25|2085|33
C00010603|98136|2017|25|2235|35
C00416594|27539|2017|2700|5400|2
C00578187|81611|2017|20000|50000|2
C00639401|80203|2017|25|25|1
C00639401|80203|2017|15|40|2
C00639401|80203|2017|15|60|3
C00639401|80203|2017|20|80|4
C00639401|80203|2017|15|95|5
C00639401|80203|2017|15|110|6
C00639401|80203|2017|15|120|7
C00639401|80203|2017|15|130|8
C00639401|80203|2017|10|140|9
C00639401|80203|2017|10|155|10
C00639401|80203|2017|15|180|11
C00639401|80203|2017|15|200|12
C00639401|80203|2017|15|215|13
C00639401|80203|2017|15|240|14
C00639401|80203|2017|15|265|15
C00639401|80203|2017|15|280|16
C00639401|80203|2017|15|290|17
C00639401|80203|2017|15|300|18
C00639401|80203|2017|10|310|19
C00639401|80203|2017|10|325|20
C00639401|80203|2017|10|345|22
C00639401|80203|2017|10|360|23
C00639401|80203|2017|10|385|24
C00639401|80203|2017|10|410|25
C00639401|80203|2017|10|420|26
C00647339|22207|2017|1000|1000|1
C00003418|29926|2017|100|8261|39
C00003418|29926|2017|100|9061|45
C00641431|85253|2017|2500|10850|5
C00641431|85253|2017|1500|22050|11
C00641431|85253|2017|1500|24750|12
C00641431|85253|2017|1500|27450|13
C00030718|61822|2017|6|1261|9
C00030718|36250|2017|45|225|5
C00630954|66215|2017|100|1473|4
C00578740|65804|2016|5000|5000|1
C00610451|85253|2017|2700|19900|8
C00610451|85253|2017|2700|22600|9
C00610451|85299|2017|1000|2000|2
C00610451|22207|2017|500|1500|2
C00610451|85253|2017|2700|25300|10
C00610451|85274|2017|2700|5400|2
C00610451|89169|2017|2700|8100|3
C00503094|60045|2017|2700|2700|1
C00630483|32792|2017|300|1300|3
C00630483|30092|2017|500|2250|4
C00630483|30092|2017|300|2550|5
C00630483|30115|2017|500|3100|4
C00630483|30064|2017|500|10100|14
C00648766|60045|2017|2700|2700|1
C00458125|37027|2017|500|500|1
C00552547|81611|2017|2700|2700|1
C00552547|81611|2017|2700|5400|2
C00618371|52807|2017|100|100|1
C00618371|77040|2017|50|953|10
C00618371|77040|2017|75|1137|11
C00618371|77040|2017|75|1212|12
C00618371|77040|2017|50|1262|13
C00618371|01527|2017|35|105|3
C00618371|01527|2017|35|130|4
C00618371|01527|2017|35|165|5
C00618371|01527|2017|25|190|6
C00618371|01527|2017|35|225|7
C00010603|54440|2017|85|1190|14
C00010603|54440|2017|85|1275|15
C00010603|54440|2017|85|1360|16
C00010603|98136|2017|25|2320|37
C00543926|60045|2017|5400|5400|1
C00543926|60045|2017|2700|8100|2
C00464149|60045|2017|2700|2700|1
C00038505|72221|2017|10000|10000|1
C00030718|36250|2017|45|270|6
C00492785|77019|2017|50|7725|11
C00492785|11701|2017|100|2600|8
C00492785|03064|2017|25|200|6
C00492785|03064|2017|25|250|7
C00492785|77568|2017|100|1250|13
C00492785|97222|2017|100|437|5
C00492785|97222|2017|100|537|6
C00492785|77568|2017|100|1350|14
C00492785|77568|2017|100|1450|15
C00492785|77441|2017|50|300|6
C00492785|77441|2017|50|350|7
C00492785|11701|2017|100|2700|9
C00492785|11701|2017|100|2800|10
C00492785|03064|2017|25|275|8
C00492785|03064|2017|25|300|9
C00492785|77019|2017|50|12975|16
C00492785|12208|2017|25|1118|20
C00492785|12208|2017|25|1218|21
C00492785|75948|2017|200|2800|5
C00492785|77441|2017|50|400|8
C00492785|77441|2017|50|450|9
C00492785|12208|2017|25|1318|22
C00492785|12208|2017|25|1418|23
C00492785|37083|2017|700|4900|7
C00492785|77568|2017|100|1550|16
C00492785|37215|2017|100|1800|18
C00492785|77568|2017|100|1650|17
C00492785|11701|2017|100|4200|13
C00492785|77568|2017|100|1750|18
C00492785|77568|2017|100|1850|19
C00492785|92325|2017|100|1100|12
C00492785|92325|2017|100|1200|13
C00492785|92325|2017|100|1300|14
C00492785|92325|2017|100|1400|15
C00492785|77568|2017|100|1950|20
C00492785|77568|2017|100|2050|21
C00492785|77040|2017|75|585|7
C00492785|03064|2017|25|325|10
C00492785|03064|2017|25|350|11
C00492785|75948|2017|200|3000|6
C00492785|37083|2017|700|5600|8
C00492785|37083|2017|700|6150|9
C00492785|90094|2017|20|80|4
C00492785|80203|2017|10|165|10
C00492785|92325|2017|100|1450|16
C00492785|92325|2017|100|1550|17
C00492785|80203|2017|10|190|11
C00492785|80203|2017|10|215|12
C00492785|37215|2017|100|1900|19
C00492785|37215|2017|100|2000|20
C00492785|12208|2017|25|1443|24
C00492785|77568|2017|100|2150|22
C00492785|77568|2017|100|2250|23
C00492785|37215|2017|100|2200|22
C00492785|37215|2017|100|2300|23
C00492785|12208|2017|25|1468|25
C00492785|12208|2017|25|1493|26
C00492785|12208|2017|25|1518|27
C00492785|80203|2017|10|230|13
C00492785|03064|2017|25|375|12
C00492785|03064|2017|25|400|13
C00492785|75225|2017|50|4900|21
C00492785|75225|2017|50|5250|22
C00492785|37215|2017|100|2400|24
C00492785|37215|2017|100|2500|25
C00492785|80203|2017|10|255|14
C00492785|77568|2017|100|2350|24
C00492785|77568|2017|100|2450|25
C00492785|77441|2017|50|500|10
C00492785|11701|2017|100|4300|14
C00492785|11701|2017|100|4400|15
C00492785|76036|2017|50|150|2
C00492785|77441|2017|50|550|11
C00492785|37215|2017|100|2700|27
C00492785|37215|2017|100|2800|28
C00492785|77441|2017|50|600|12
C00492785|77568|2017|100|2550|26
C00492785|77568|2017|100|2650|27
C00492785|03064|2017|25|425|14
C00492785|03064|2017|25|450|15
C00492785|33982|2017|193|1000|6
C00492785|37215|2017|100|2900|29
C00492785|11701|2017|100|4500|16
C00492785|11701|2017|100|4600|17
C00492785|80203|2017|10|290|15
C00492785|80203|2017|10|325|16
C00492785|12208|2017|25|1618|28
C00492785|12208|2017|25|1718|29
C00492785|77568|2017|100|2750|28
C00492785|77040|2017|50|760|10
C00492785|80203|2017|15|340|17
C00492785|77441|2017|50|650|13
C00492785|75225|2017|50|10250|31
C00492785|37083|2017|700|7700|10
C00631945|80203|2017|25|25|1
C00631945|81611|2017|500|500|1
C00631945|80203|2017|25|100|2
C00631945|44089|2017|500|500|1
C00631945|80203|2017|25|150|3
C00631945|80203|2017|50|325|4
C00631945|80203|2017|50|375|5
C00633362|80203|2017|50|50|1
C00633362|80203|2017|50|150|2
C00633362|80203|2017|25|175|3
C00633362|80203|2017|50|225|4
C00633362|80203|2017|50|275|5
C00633362|30326|2017|350|19850|24
C00633362|80203|2017|50|325|6
C00633362|80203|2017|50|375|7
C00633362|80203|2017|50|400|8
C00633362|80203|2017|25|425|9
C00633362|80203|2017|25|475|10
C00633362|80203|2017|50|525|11
C00633362|80203|2017|50|575|12
C00633362|80203|2017|50|675|13
C00633362|80203|2017|50|725|14
C00633362|80203|2017|50|775|15
C00633362|80203|2017|50|825|16
C00633362|80203|2017|50|925|17
C00633362|80203|2017|50|950|18
C00633362|80203|2017|50|1000|19
C00633362|80203|2017|50|1050|20
C00633362|80203|2017|50|1075|21
C00464339|85253|2017|2700|5400|2
C00464339|85253|2017|2700|8100|3
C00464339|60045|2017|2700|2700|1
C00464073|60045|2017|2700|2700|1
C00464073|60045|2017|2700|5400|2
C00495952|98136|2017|75|75|1
C00495952|98136|2017|50|125|2
C00042366|97128|2017|50|641|4
C00042366|97128|2017|8|646|5
C00042366|97128|2017|5|651|6
C00639401|75225|2017|500|4300|4
C00639401|75225|2017|500|7000|5
C00639401|80203|2017|10|435|27
C00500843|98136|2017|80|80|1
C00500843|98136|2017|50|130|2
C00500843|45309|2017|50|50|1
C00104752|22207|2017|1000|50899|32
C00083428|60045|2017|2700|2700|1
C00083428|53082|2017|1000|1000|1
C00652727|72221|2017|2700|2700|1
C00431056|98136|2017|80|80|1
C00401224|97128|2017|0|136|253
C00401224|97128|2017|0|136|254
C00401224|97128|2017|0|136|255
C00401224|97128|2017|0|136|256
C00401224|97128|2017|0|136|257
C00401224|97128|2017|0|136|258
C00401224|97128|2017|0|136|259
C00401224|97128|2017|0|136|260
C00401224|97128|2017|0|136|261
C00401224|97128|2017|0|136|262
C00401224|97128|2017|0|136|263
C00401224|97128|2017|0|136|264
C00401224|97128|2017|0|136|265
C00401224|97128|2017|0|136|266
C00401224|97128|2017|0|136|267
C00401224|97128|2017|0|136|268
C00401224|97128|2017|0|136|269
C00401224|97128|2017|0|136|270
C00401224|97128|2017|0|136|271
C00401224|97128|2017|0|136|272
C00401224|97128|2017|0|136|273
C00401224|97128|2017|0|136|274
C00401224|97128|2017|0|136|275
C00401224|97128|2017|0|136|276
C00401224|97128|2017|0|136|277
C00401224|97128|2017|0|136|278
C00401224|97128|2017|0|136|279
C00401224|97128|2017|0|136|280
C00401224|97128|2017|0|136|281
C00401224|97128|2017|0|136|282
C00401224|97128|2017|0|136|283
C00401224|97128|2017|0|136|284
C00401224|97128|2017|0|136|285
C00401224|97128|2017|0|136|286
C00401224|97128|2017|0|136|287
C00401224|97128|2017|0|136|288
C00401224|97128|2017|0|136|289
C00401224|97128|2017|0|136|290
C00401224|97128|2017|0|136|291
C00401224|97128|2017|0|136|292
C00401224|97128|2017|0|236|293
C00401224|97128|2017|0|236|294
C00401224|97128|2017|0|236|295
C00401224|97128|2017|0|236|296
C00401224|97128|2017|0|237|297
C00401224|97128|2017|0|237|298
C00401224|97128|2017|0|237|299
C00401224|97128|2017|0|237|300
C00401224|97128|2017|0|237|301
C00401224|97128|2017|0|237|302
C00401224|97128|2017|0|237|303
C00401224|97128|2017|0|237|304
C00401224|97128|2017|0|237|305
C00401224|97128|2017|0|237|306
C00401224|97128|2017|0|237|307
C00401224|97128|2017|0|237|308
C00401224|97128|2017|0|237|309
C00401224|97128|2017|0|237|310
C00401224|97128|2017|0|237|311
C00401224|97128|2017|0|237|312
C00401224|97128|2017|0|237|313
C00401224|97128|2017|0|237|314
C00401224|97128|2017|0|237|315
C00401224|97128|2017|0|237|316
C00401224|97128|2017|0|237|317
C00401224|97128|2017|0|237|318
C00401224|97128|2017|0|237|319
C00401224|97128|2017|0|237|320
C00401224|97128|2017|0|237|321
C00401224|97128|2017|0|237|322
C00401224|97128|2017|0|237|323
C00401224|97128|2017|0|238|324
C00401224|97128|2017|0|238|325
C00401224|97128|2017|0|238|326
C00401224|97128|2017|0|238|327
C00401224|97128|2017|0|238|328
C00401224|97128|2017|0|239|329
C00437277|98136|2017|50|50|1
C00437277|98136|2017|50|100|2
C00264697|97403|2017|25|25|1
C00401224|97403|2017|1|178|160
C00401224|97403|2017|1|180|161
C00401224|97403|2017|1|181|162
C00401224|97403|2017|1|182|163
C00401224|97403|2017|1|183|164
C00401224|97128|2017|0|239|330
C00401224|97403|2017|1|184|165
C00401224|97403|2017|1|185|166
C00401224|97403|2017|1|186|167
C00401224|97403|2017|1|188|168
C00401224|97128|2017|0|239|331
C00401224|97128|2017|0|239|332
C00401224|97403|2017|1|189|169
C00401224|97128|2017|0|239|333
C00401224|97128|2017|0|239|334
C00401224|97128|2017|0|240|335
C00401224|97128|2017|0|240|336
C00401224|97128|2017|0|240|337
C00401224|97128|2017|0|240|338
C00401224|97128|2017|0|241|339
C00401224|97128|2017|0|241|340
C00401224|97128|2017|0|241|341
C00401224|97403|2017|1|190|170
C00401224|97128|2017|0|241|342
C00401224|97128|2017|0|241|343
C00401224|97128|2017|0|241|344
C00401224|97128|2017|0|241|345
C00401224|97128|2017|0|242|346
C00401224|97128|2017|0|242|347
C00401224|97128|2017|0|242|348
C00401224|97128|2017|0|243|349
C00401224|97128|2017|0|243|350
C00401224|97403|2017|1|192|171
C00401224|97128|2017|0|243|351
C00401224|97128|2017|0|243|352
C00401224|97128|2017|0|243|353
C00401224|97128|2017|0|243|354
C00401224|97128|2017|0|243|355
C00401224|97128|2017|0|243|356
C00401224|97128|2017|0|243|357
C00401224|97403|2017|1|193|172
C00401224|97128|2017|0|243|358
C00401224|97128|2017|0|243|359
C00401224|97403|2017|1|194|173
C00401224|97128|2017|0|243|360
C00401224|97128|2017|0|243|361
C00401224|97403|2017|1|195|174
C00401224|97403|2017|1|197|175
C00647339|22207|2017|500|1500|2
C00651075|60045|2017|5400|5400|1
C00651075|60045|2017|2700|8100|2
C00257642|98199|2017|25|3390|8
C00257642|98199|2017|25|3400|9
C00257642|98199|2017|15|3410|10
C00257642|98199|2017|15|3425|11
C00257642|98199|2017|15|3435|12
C00257642|98199|2017|15|3450|13
C00637611|77019|2017|1000|1000|1
C00581843|81611|2017|2700|8100|3
C00581843|81611|2017|2700|10800|4
C00581843|77019|2017|250|250|1
C00581843|77019|2017|250|1250|2
C00473827|60045|2017|2700|2700|1
C00473827|60045|2017|2700|10800|2
C00473827|60045|2017|2700|13500|3
C00473827|60045|2017|2700|16200|4
C00473827|60045|2017|2700|24300|5
C00473827|60045|2017|2700|27000|6
C00473827|60045|2017|2700|35100|7
C00473827|60045|2017|2700|43200|8
C00401224|97403|2017|1|198|176
C00401224|97403|2017|1|199|177
C00193433|98136|2017|15|1466|23
C00193433|98199|2017|35|1110|17
C00592956|89169|2017|2700|2700|1
C00592956|19106|2017|2700|2700|1
C00492785|77568|2017|100|2850|29
C00492785|77568|2017|100|2950|30
C00492785|77568|2017|100|3050|31
C00492785|77568|2017|100|3150|32
C00492785|12208|2017|25|1743|30
C00492785|12208|2017|25|1768|31
C00492785|77568|2017|100|3250|33
C00492785|92325|2017|100|1850|19
C00492785|92325|2017|100|1900|20
C00492785|12208|2017|25|1868|32
C00492785|12208|2017|25|1968|33
C00492785|77040|2017|50|890|13
C00492785|92325|2017|100|1950|21
C00492785|77568|2017|100|3350|34
C00492785|12208|2017|25|1980|34
C00492785|12208|2017|25|1992|35
C00492785|12208|2017|25|2004|36
C00492785|12208|2017|25|2016|37
C00492785|12208|2017|25|2041|38
C00492785|33982|2017|200|2000|8
C00492785|92325|2017|100|2050|22
C00492785|92325|2017|100|2150|23
C00492785|75948|2017|200|3400|8
C00492785|12208|2017|25|2066|39
C00492785|76015|2017|500|8800|5
C00492785|75948|2017|200|3600|9
C00492785|92325|2017|100|2250|24
C00492785|92325|2017|100|2350|25
C00492785|92325|2017|100|2450|26
C00492785|92325|2017|100|2550|27
C00492785|80203|2017|15|355|18
C00492785|80203|2017|15|370|19
C00492785|77568|2017|100|3450|35
C00492785|77568|2017|100|3550|36
C00492785|77441|2017|50|700|14
C00492785|77441|2017|50|750|15
C00492785|80203|2017|15|395|20
C00492785|80203|2017|15|420|21
C00492785|03064|2017|25|475|16
C00492785|03064|2017|25|500|17
C00492785|80203|2017|15|435|22
C00492785|80203|2017|15|445|23
C00492785|92325|2017|100|2650|28
C00492785|92325|2017|100|2750|29
C00492785|12208|2017|25|2198|41
C00492785|80203|2017|15|470|24
C00492785|80203|2017|15|495|25
C00492785|77568|2017|100|3650|37
C00492785|77568|2017|100|3750|38
C00492785|77441|2017|50|800|16
C00492785|77441|2017|50|850|17
C00492785|11701|2017|100|4700|18
C00492785|11701|2017|100|4800|19
C00492785|77441|2017|50|900|18
C00492785|11701|2017|100|4900|20
C00492785|11701|2017|100|5000|21
C00492785|33982|2017|200|2200|9
C00492785|77568|2017|100|3950|40
C00492785|77568|2017|100|4050|41
C00492785|92325|2017|100|3000|30
C00492785|92325|2017|100|3250|31
C00492785|77441|2017|50|950|19
C00492785|77441|2017|50|1000|20
C00492785|92325|2017|100|3350|32
C00492785|92325|2017|100|3450|33
C00492785|12208|2017|25|2223|42
C00492785|12208|2017|25|2248|43
C00492785|80203|2017|15|520|26
C00492785|80203|2017|15|545|27
C00492785|77441|2017|50|1050|21
C00492785|77441|2017|50|1100|22
C00492785|11701|2017|100|5100|22
C00492785|11701|2017|100|5200|23
C00492785|77040|2017|50|1250|18
C00492785|80203|2017|15|560|28
C00492785|77040|2017|50|1300|19
C00492785|77040|2017|50|1350|20
C00492785|03064|2017|25|525|18
C00492785|92325|2017|100|3700|34
C00492785|92325|2017|100|3950|35
C00492785|12208|2017|25|2278|44
C00492785|03064|2017|25|550|19
C00492785|12208|2017|25|2378|45
C00492785|92325|2017|100|4200|36
C00492785|11701|2017|100|5300|24
C00492785|12208|2017|25|2408|46
C00492785|72641|2017|100|300|2
C00492785|72641|2017|100|500|3
C00492785|92325|2017|100|4950|38
C00492785|92325|2017|100|5200|39
C00492785|11701|2017|100|5400|25
C00492785|11701|2017|100|5500|26
C00492785|92325|2017|100|5300|40
C00492785|12208|2017|25|2508|47
C00492785|12208|2017|25|2608|48
C00492785|77441|2017|50|1150|23
C00492785|11701|2017|100|5600|27
C00492785|11701|2017|100|5700|28
C00492785|37083|2017|700|7950|11
C00492785|92325|2017|100|5350|41
C00492785|92325|2017|100|5400|42
C00492785|77568|2017|100|4150|42
C00492785|77568|2017|100|4250|43
C00492785|80203|2017|15|570|29
C00492785|80203|2017|15|580|30
C00492785|80203|2017|15|590|31
C00492785|60045|2017|200|13600|6
C00641431|85286|2017|1000|1000|1
C00467522|60045|2017|1000|6700|4
C00467522|60045|2017|1000|9400|5
C00462523|80203|2017|20|20|1
C00462523|80203|2017|15|35|2
C00462523|80203|2017|15|50|3
C00608703|85253|2017|2700|2700|1
C00608703|85253|2017|2700|5400|2
C00540443|97128|2017|85|170|2
C00540443|98136|2017|50|380|6
C00632026|46901|2015|1000|1000|1
C00632026|49283|2015|500|500|1
C00632026|40299|2015|500|500|1
C00632026|46033|2015|250|250|1
C00632026|46979|2015|300|1000|2
C00632026|52342|2015|500|500|1
C00632026|22207|2016|250|250|1
C00632026|46901|2016|250|500|2
C00632026|46901|2016|50|550|3
C00632026|46928|2016|1000|1000|1
C00632026|50034|2016|500|500|1
C00632026|46903|2016|500|500|1
C00632026|49283|2015|500|1000|2
C00632026|40299|2015|500|1000|2
C00632026|46033|2015|250|500|2
C00632026|52342|2015|500|1000|2
C00632026|50034|2016|500|1000|2
C00632026|46903|2016|500|1000|2
C00632026|22207|2016|250|500|2
C00632026|46979|2015|300|2000|4
C00632026|46901|2016|250|2800|6
C00632026|46901|2016|250|2850|7
C00632026|46037|2017|200|200|1
C00632026|46901|2017|250|4600|10
C00632026|46979|2017|250|2250|6
C00632026|46989|2017|100|100|1
C00632026|46989|2017|100|200|2
C00632026|46037|2017|200|2100|3
C00632026|46037|2017|200|3800|4
C00632026|46901|2017|250|6400|14
C00632026|46979|2017|250|3250|7
C00633255|87112|2017|250|2000|4
C00633255|87047|2017|750|4500|6
C00653410|81611|2017|2700|2700|1
C00365536|97403|2017|5|743|142
C00365536|97403|2017|5|748|143
C00365536|97403|2017|5|753|144
C00365536|97403|2017|5|758|145
C00365536|97403|2017|5|763|146
C00365536|97403|2017|5|768|147
C00365536|97403|2017|5|773|148
C00365536|97403|2017|5|778|149
C00365536|97403|2017|5|783|150
C00365536|97403|2017|5|788|151
C00365536|97403|2017|5|793|152
C00365536|98136|2017|25|1343|45
C00401224|97128|2017|0|243|362
C00401224|97128|2017|0|243|363
C00401224|97128|2017|0|243|364
C00401224|97128|2017|0|243|365
C00401224|97128|2017|0|243|366
C00401224|97128|2017|0|243|367
C00401224|97128|2017|0|243|368
C00401224|97128|2017|0|243|369
C00401224|97128|2017|0|243|370
C00401224|97128|2017|0|243|371
C00401224|97128|2017|0|243|372
C00401224|97128|2017|0|243|373
C00401224|97128|2017|0|243|374
C00401224|97128|2017|0|243|375
C00401224|97128|2017|0|243|376
C00401224|97128|2017|0|243|377
C00401224|97128|2017|0|243|378
C00401224|97128|2017|0|243|379
C00401224|97128|2017|0|243|380
C00401224|97128|2017|0|243|381
C00401224|97128|2017|0|243|382
C00401224|97128|2017|0|243|383
C00401224|97128|2017|0|243|384
C00401224|97128|2017|0|243|385
C00401224|97128|2017|0|243|386
C00401224|97128|2017|0|243|387
C00401224|97128|2017|0|243|388
C00401224|97128|2017|0|243|389
C00401224|97128|2017|0|243|390
C00401224|97128|2017|0|243|391
C00401224|97128|2017|0|243|392
C00401224|97128|2017|0|243|393
C00401224|97128|2017|0|245|394
C00401224|97128|2017|0|245|395
C00401224|97128|2017|0|245|396
C00401224|97128|2017|0|245|397
C00401224|97128|2017|0|245|398
C00401224|97128|2017|0|245|399
C00401224|97128|2017|0|245|400
C00401224|97128|2017|0|246|401
C00401224|97128|2017|0|246|402
C00401224|97128|2017|0|246|403
C00401224|97128|2017|0|246|404
C00401224|97128|2017|0|246|405
C00401224|97128|2017|0|246|406
C00401224|97128|2017|0|246|407
C00401224|97128|2017|0|246|408
C00401224|97128|2017|0|246|409
C00401224|97128|2017|0|246|410
C00401224|97128|2017|0|246|411
C00401224|97128|2017|0|246|412
C00401224|97128|2017|0|246|413
C00401224|97128|2017|0|246|414
C00401224|97128|2017|0|246|415
C00401224|97128|2017|0|246|416
C00401224|97128|2017|0|246|417
C00401224|97128|2017|0|246|418
C00401224|97128|2017|0|247|419
C00401224|97128|2017|0|247|420
C00401224|97128|2017|0|247|421
C00401224|97128|2017|0|247|422
C00401224|97128|2017|0|247|423
C00401224|97128|2017|0|247|424
C00401224|97128|2017|0|248|425
C00401224|97128|2017|0|250|426
C00401224|97128|2017|0|250|427
C00401224|97403|2017|1|200|178
C00401224|97403|2017|1|202|179
C00401224|97403|2017|1|203|180
C00401224|97403|2017|1|204|181
C00401224|97403|2017|1|206|182
C00401224|97403|2017|1|208|183
C00401224|97403|2017|1|209|184
C00401224|97403|2017|1|210|185
C00401224|97403|2017|1|211|186
C00401224|97403|2017|1|212|187
C00401224|97403|2017|1|214|188
C00401224|97403|2017|1|215|189
C00401224|97403|2017|1|216|190
C00401224|97403|2017|1|218|191
C00401224|97403|2017|1|219|192
C00401224|97403|2017|1|220|193
C00401224|97403|2017|1|221|194
C00401224|97403|2017|1|222|195
C00401224|97403|2017|1|223|196
C00401224|97403|2017|1|224|197
C00401224|97403|2017|1|225|198
C00401224|97403|2017|1|226|199
C00401224|97403|2017|1|227|200
C00401224|97403|2017|1|228|201
C00401224|98199|2017|1|159|65
C00401224|98199|2017|1|160|66
C00401224|97128|2017|0|268|437
C00401224|97128|2017|0|268|438
C00401224|97128|2017|0|268|439
C00401224|97128|2017|0|268|440
C00401224|97128|2017|0|268|441
C00401224|97128|2017|0|268|442
C00401224|97128|2017|0|268|443
C00401224|97128|2017|0|268|444
C00401224|97128|2017|0|268|445
C00401224|97128|2017|0|268|446
C00401224|97128|2017|0|268|447
C00401224|97128|2017|0|268|448
C00401224|97128|2017|0|268|449
C00401224|97128|2017|0|268|450
C00401224|97128|2017|0|268|451
C00401224|97128|2017|0|268|452
C00401224|97128|2017|0|268|453
C00401224|98199|2017|1|210|68
C00401224|98199|2017|1|212|69
C00401224|98199|2017|1|213|70
C00401224|98199|2017|1|214|71
C00401224|98199|2017|1|214|72
C00401224|98199|2017|1|215|73
C00401224|98199|2017|1|216|74
C00401224|98199|2017|1|217|75
C00401224|98199|2017|1|218|76
C00401224|98199|2017|1|219|77
C00401224|98199|2017|1|220|78
C00401224|98199|2017|1|221|79
C00401224|98199|2017|1|222|80
C00401224|98199|2017|1|224|81
C00401224|98199|2017|1|225|82
C00401224|98199|2017|1|227|83
C00401224|98199|2017|1|227|84
C00574624|75225|2017|250|250|1
C00574624|77568|2017|911|911|1
C00559906|60045|2017|250000|250000|1
C00401224|97403|2017|1|234|203
C00401224|97403|2017|1|235|204
C00401224|97403|2017|1|236|205
C00401224|97403|2017|1|237|206
C00401224|97403|2017|1|238|207
C00401224|97403|2017|1|239|208
C00436386|60045|2017|500|5900|3
C00436386|81611|2017|2700|2700|1
C00630954|66215|2017|100|2374|7
C00349506|19041|2017|100|2540|8
C00349506|98136|2017|250|5400|9
C00443218|85253|2017|500|32300|21
C00580621|19106|2017|1000|1000|1
C00470948|60045|2017|2700|2700|1
C00561597|60045|2017|2700|2700|1
C00620518|89135|2017|250|250|1
C00632026|46240|2017|1000|1000|1
C00632026|46077|2017|500|1500|2
C00632026|46928|2017|200|3100|3
C00632026|46928|2017|200|3258|4
C00521948|60045|2017|2700|2700|1
C00464149|91012|2017|1000|1000|1
C00500843|87501|2017|30|490|9
C00500843|98136|2017|50|180|3
C00365536|97403|2017|5|798|153
C00365536|97403|2017|5|803|154
C00365536|97403|2017|5|808|155
C00365536|97403|2017|5|813|156
C00365536|97403|2017|5|818|157
C00010603|98136|2017|25|2535|42
C00010603|98136|2017|25|2735|43
C00010603|54440|2017|85|1445|17
C00010603|54440|2017|85|1530|18
C00008664|65804|2017|500|10576|10
C00448696|80203|2017|15|350|19
C00448696|80203|2017|15|365|20
C00448696|22314|2017|250|2100|5
C00448696|80203|2017|15|380|21
C00448696|80203|2017|15|385|22
C00448696|80203|2017|15|400|23
C00193433|98199|2017|35|1595|19
C00193433|98199|2017|35|1630|20
C00193433|98136|2017|15|1661|28
C00193433|98136|2017|15|1736|29
C00647362|60045|2017|250000|250000|1
C00631382|77057|2017|250|250|1
C00631382|40299|2017|500|500|1
C00386532|60045|2017|2700|2700|1
C00386532|60045|2017|2700|5400|2
C00016899|44515|2016|95|95|1
C00540443|97403|2017|30|660|4
C00030718|36250|2017|45|270|7
C00030718|36250|2017|45|315|8
C00030718|84084|2017|4|408|3
C00030718|85658|2017|9|618|4
C00030718|85653|2017|9|33|3
C00030718|86005|2017|29|884|7
C00629949|89169|2017|2700|2700|1
C00629949|89169|2017|2700|5400|2
C00000935|54440|2017|48|48|1
C00000935|20878|2017|50|4893|32
C00011197|34145|2016|26|26|1
C00011197|34145|2016|6|32|2
C00011197|34145|2016|6|38|3
C00011197|34145|2016|6|44|4
C00011197|34145|2016|6|50|5
C00011197|11733|2016|13|13|1
C00011197|34145|2016|6|76|6
C00011197|00960|2016|26|26|1
C00011197|00960|2016|26|131|2
C00011197|77056|2016|263|263|1
C00011197|19041|2016|263|263|1
C00011197|94027|2016|657|657|1
C00011197|94027|2016|657|1314|2
C00473827|75948|2017|5000|5000|1
C00473827|75948|2017|2300|10000|3
C00365536|97403|2017|5|823|158
C00365536|97403|2017|5|828|159
C00365536|97403|2017|5|833|160
C00365536|97403|2017|5|838|161
C00365536|97403|2017|5|843|162
C00365536|97403|2017|5|848|163
C00365536|97403|2017|5|853|164
C00365536|97403|2017|5|858|165
C00365536|97403|2017|5|863|166
C00365536|97403|2017|5|868|167
C00365536|97403|2017|5|873|168
C00365536|97403|2017|5|878|169
C00365536|97403|2017|5|883|170
C00365536|97403|2017|5|888|171
C00193433|98136|2017|15|1811|30
C00193433|98136|2017|15|1886|31
C00193433|34145|2017|500|5000|10
C00193433|98199|2017|35|1915|25
C00003418|29926|2017|100|10136|53
C00027466|32034|2017|51|753|6
C00027466|77024|2017|51|5768|27
C00027466|65078|2017|15|15|1
C00027466|65078|2017|15|30|2
C00027466|90808|2017|25|100|4
C00027466|08753|2017|20|90|4
C00027466|63141|2017|50|550|7
C00027466|42103|2017|100|100|1
C00027466|92705|2017|51|811|8
C00027466|94086|2017|5|210|4
C00027466|33313|2017|25|25|1
C00027466|48315|2017|25|175|4
C00027466|48315|2017|25|275|5
C00027466|77024|2017|100|7480|34
C00027466|32011|2017|25|25|1
C00027466|80116|2017|1000|36025|4
C00027466|92325|2017|25|375|5
C00027466|92325|2017|25|378|6
C00027466|91790|2017|25|225|5
C00540443|98136|2017|50|460|7
C00540443|97403|2017|30|685|5
C00470948|89169|2017|2700|2700|1
C00027466|20165|2017|50|320|3
C00007658|29154|2016|104|104|1
C00007658|29302|2016|356|356|1
C00000935|11733|2017|250|5610|11
C00264697|45309|2017|20|170|6
C00003418|37083|2017|25|1305|6
C00003418|29926|2017|100|10782|60
C00580100|21228|2017|5|50|3
C00580100|21228|2017|5|55|4
C00580100|21228|2017|5|60|5
C00580100|46228|2017|500|7800|16
C00580100|46228|2017|500|8300|17
C00580100|46228|2017|500|8800|18
C00575795|10031|2016|50|50|1
C00575795|10031|2016|50|100|2
C00575795|19106|2016|50|50|1
C00575795|94305|2016|500|500|1
C00575795|34223|2016|250|250|1
C00575795|78230|2016|125|125|1
C00575795|77581|2016|3|3|1
C00575795|83353|2016|30|30|1
C00575795|83353|2016|30|60|2
C00575795|83353|2016|30|90|3
C00575795|83353|2016|30|120|4
C00575795|02138|2016|250|250|1
C00575795|02138|2016|250|500|2
C00542423|75225|2017|2700|71700|18
C00000935|87109|2017|15|1939|41
C00462861|02467|2017|1000|1000|1
C00651026|81611|2017|5400|5400|1
C00651026|44089|2017|1700|1700|1
C00651026|81611|2017|2700|8100|2
C00663054|85253|2017|2700|2700|1
C00663054|85253|2017|2700|5400|2
C00663054|85253|2017|2700|8100|3
C00663054|85253|2017|2700|10800|4
C00663054|85253|2017|2700|13500|5
C00663054|85253|2017|2700|16200|6
C00493924|85253|2017|1200|16250|5
C00075820|77040|2017|100|100|1
C00663914|83001|2017|2700|2700|1
C00662395|52342|2017|1000|1000|1
C00326801|97128|2017|5|25|5
C00326801|97128|2017|5|35|6
C00326801|97128|2017|5|40|7
C00326801|97128|2017|5|50|8
C00629949|81611|2017|2700|2700|1
C00629949|81611|2017|2700|5400|2
C00660274|76241|2017|1000|1000|1
C00432260|91012|2017|5000|5000|1
C00632828|60045|2017|2700|2700|1
C00099754|30757|2017|250|250|1
C00641431|85286|2017|500|1500|2
C00464339|60045|2017|2700|11800|5
C00564260|94920|2017|1000|5500|4
C00652982|40299|2017|250|250|1
C00652982|77057|2017|250|250|1
C00152892|98502|2017|50|50|1
C00152892|98502|2017|50|100|2
C00152892|98502|2017|50|150|3
C00152892|98502|2017|50|200|4
C00152892|98502|2017|50|250|5
C00646646|19106|2017|500|2500|3
C00473918|11733|2017|15000|45000|2
C00193433|98199|2017|35|2200|29
C00512236|85750|2017|250|67201|59
C00512236|85658|2017|250|5650|3
C00390476|85253|2017|2700|2700|1
C00390476|85253|2017|2700|5400|2
C00030718|97223|2017|902|902|1
C00030718|86004|2017|29|1922|10
C00662353|76241|2017|10000|10000|1
C00418897|34145|2017|100|850|3
C00341396|98136|2017|25|550|14
C00341396|98136|2017|25|590|15
C00652735|89169|2017|5400|5400|1
C00652735|89169|2017|2700|8100|2
C00652735|89169|2017|2700|10800|3
C00652735|22314|2017|250|250|1
C00544767|10003|2017|25|50|2
C00544767|10003|2017|25|75|3
C00544767|10003|2017|25|175|4
C00544767|10003|2017|25|200|5
C00544767|10003|2017|25|300|6
C00073791|29302|2017|250|250|1
C00030718|47670|2017|9|137|4
C00030718|60614|2017|294|4254|14
C00030718|85658|2017|9|636|6
C00030718|85653|2017|9|42|4
C00030718|37027|2017|7|4245|21
C00005561|34982|2016|300|300|1
C00486845|98199|2017|20|40|2
C00448696|22314|2017|250|2350|6
C00448696|22314|2017|250|2600|7
C00448696|80203|2017|15|415|24
C00448696|80203|2017|15|430|25
C00653998|81611|2017|5000|5000|1
C00153031|97034|2018|250|250|1
C00153031|97317|2018|285|285|1
C00153031|97201|2018|2000|2000|1
C00153031|97302|2018|250|250|1
C00449686|93601|2018|600|600|1
C00449686|93601|2018|120|720|2
C00449686|93637|2018|650|650|1
C00449686|93637|2018|600|1250|2
C00449686|93637|2018|600|1850|3
C00406645|76137|2018|1250|1250|1
C00406645|76109|2018|1250|1250|1
C00406645|76401|2018|350|350|1
C00406645|76015|2018|1250|1250|1
C00406645|76110|2018|550|550|1
C00406645|76110|2018|550|1250|2
C00406645|76132|2018|1250|1250|1
C00482372|32968|2018|280|280|1
C00482372|33255|2018|250|250|1
C00406645|76099|2018|250|250|1
C00406645|76092|2018|2000|2000|1
C00406645|76262|2018|250|250|1
C00406645|76017|2018|5000|5000|1
C00406645|76133|2018|250|250|1
C00406645|76001|2018|1250|1250|1
C00406645|76001|2018|100|1350|2
C00406645|76180|2018|1000|1000|1
C00406645|76202|2018|3000|3000|1
C00406645|76202|2018|100|3100|2
C00406645|76028|2018|250|250|1
C00406645|76028|2018|100|350|2
C00406645|76092|2018|250|2250|2
C00406645|76092|2018|250|3250|3
C00406645|76016|2018|350|350|1
C00406645|76123|2018|350|350|1
C00659896|20005|2018|2230|2230|1
C00662692|60459|2017|1000|1000|1
C00662692|60613|2017|1000|1000|1
C00662692|60611|2017|500|500|1
C00639401|22314|2017|1000|1000|1
C00639401|29615|2017|50|750|6
C00639401|77070|2017|50|1150|8
C00639401|80911|2018|50|50|1
C00639401|80911|2018|50|100|2
C00044776|36277|2018|75|75|1
C00044776|35031|2018|360|360|1
C00044776|36263|2018|150|150|1
C00044776|36263|2018|15|165|2
C00044776|36330|2018|300|300|1
C00044776|36330|2018|300|700|2
C00044776|36330|2018|75|775|3
C00044776|36109|2018|3480|3480|1
C00044776|35242|2018|3480|3480|1
C00044776|35748|2018|150|150|1
C00044776|36026|2018|180|180|1
C00044776|36561|2018|75|75|1
C00044776|35758|2018|75|75|1
C00044776|36117|2018|225|225|1
C00044776|35661|2018|150|150|1
C00044776|36870|2018|150|150|1
C00044776|36265|2018|180|180|1
C00044776|36274|2018|300|300|1
C00044776|36104|2018|250|250|1
C00044776|35661|2018|150|300|2
C00044776|35801|2018|500|2000|2
C00044776|35801|2018|15|2015|3
C00003111|04062|2018|10|10|1
C00003111|04444|2018|2000|2000|1
C00003111|04078|2018|500|500|1
C00003111|04843|2018|250|250|1
C00003111|04110|2018|150|150|1
C00003111|03911|2018|250|250|1
C00003111|04032|2018|1000|1000|1
C00003111|04855|2018|1000|1000|1
C00003111|04105|2018|2000|2000|1
C00003111|04901|2018|2500|2500|1
C00003111|04945|2018|250|250|1
C00003111|04062|2018|10|3510|3
C00003111|04062|2018|10|3520|4
C00608489|07094|2018|10|10|1
C00608489|76063|2018|500|500|1
C00608489|32040|2018|25|25|1
C00608489|77345|2018|50|50|1
C00608489|77057|2017|150|400|2
C00608489|77385|2017|100|100|1
C00608489|77345|2017|25|2065|33
C00608489|07094|2017|5|95|10
C00608489|07094|2017|5|100|11
C00608489|48708|2017|25|25|1
C00608489|60045|2017|25|100865|29
C00640623|35902|2018|150|150|1
C00640623|35213|2018|300|300|1
C00640623|87111|2018|1183|1183|1
C00640623|35226|2018|500|500|1
